*######################################################*
#                                                      #
#                                                      #
#                   Printing B_iml                     #
#                     aka WOOP                         #
#                                                      #
*######################################################*
MO=  0 AO_m=  0 [ 0, 0, 0] AO_l=  0 [ 0, 0, 0] B_iml=   1.942279
MO=  0 AO_m=  8 [ 0, 0, 0] AO_l=  8 [ 0, 0, 0] B_iml=   0.000402
MO=  0 AO_m=  2 [ 1, 0, 0] AO_l=  2 [ 1, 0, 0] B_iml=   0.000854
MO=  0 AO_m=  7 [ 1, 0, 0] AO_l=  7 [ 1, 0, 0] B_iml=   0.000214
MO=  0 AO_m=  3 [ 0, 1, 0] AO_l=  3 [ 0, 1, 0] B_iml=   0.000854
MO=  0 AO_m=  7 [ 0, 1, 0] AO_l=  7 [ 0, 1, 0] B_iml=   0.000214
MO=  0 AO_m=  1 [ 0, 0, 1] AO_l=  1 [ 0, 0, 1] B_iml=   0.000894
MO=  0 AO_m=  2 [-1, 0, 0] AO_l=  2 [-1, 0, 0] B_iml=   0.000854
MO=  0 AO_m=  8 [-1, 0, 0] AO_l=  8 [-1, 0, 0] B_iml=   0.000402
MO=  0 AO_m=  3 [ 0,-1, 0] AO_l=  3 [ 0,-1, 0] B_iml=   0.000854
MO=  0 AO_m=  8 [ 0,-1, 0] AO_l=  8 [ 0,-1, 0] B_iml=   0.000402
MO=  0 AO_m=  1 [ 0, 0,-1] AO_l=  1 [ 0, 0,-1] B_iml=   0.000746
MO=  0 AO_m=  5 [ 0, 0,-1] AO_l=  5 [ 0, 0,-1] B_iml=   0.000241
MO=  0 AO_m=  6 [ 0, 0,-1] AO_l=  6 [ 0, 0,-1] B_iml=   0.000241
MO=  1 AO_m=  1 [ 0, 0, 0] AO_l=  1 [ 0, 0, 0] B_iml=   0.000330
MO=  1 AO_m=  4 [ 0, 0, 0] AO_l=  4 [ 0, 0, 0] B_iml=   0.120619
MO=  1 AO_m=  9 [ 0, 0, 0] AO_l=  9 [ 0, 0, 0] B_iml=   1.673429
MO=  1 AO_m= 13 [ 0, 0, 0] AO_l= 13 [ 0, 0, 0] B_iml=   0.000637
MO=  1 AO_m= 17 [ 0, 0, 0] AO_l= 17 [ 0, 0, 0] B_iml=   0.000637
MO=  1 AO_m=  1 [ 1, 0, 0] AO_l=  1 [ 1, 0, 0] B_iml=   0.000330
MO=  1 AO_m=  5 [ 1, 0, 0] AO_l=  5 [ 1, 0, 0] B_iml=   0.000264
MO=  1 AO_m= 13 [ 1, 0, 0] AO_l= 13 [ 1, 0, 0] B_iml=   0.000637
MO=  1 AO_m=  1 [ 0, 1, 0] AO_l=  1 [ 0, 1, 0] B_iml=   0.000330
MO=  1 AO_m=  6 [ 0, 1, 0] AO_l=  6 [ 0, 1, 0] B_iml=   0.000264
MO=  1 AO_m= 17 [ 0, 1, 0] AO_l= 17 [ 0, 1, 0] B_iml=   0.000637
MO=  1 AO_m=  4 [ 0, 0, 1] AO_l=  4 [ 0, 0, 1] B_iml=   0.000282
MO=  1 AO_m=  9 [ 0, 0, 1] AO_l=  9 [ 0, 0, 1] B_iml=   0.001731
MO=  1 AO_m=  5 [-1, 0, 0] AO_l=  5 [-1, 0, 0] B_iml=   0.000264
MO=  1 AO_m=  6 [ 0,-1, 0] AO_l=  6 [ 0,-1, 0] B_iml=   0.000264
MO=  1 AO_m=  4 [ 0, 0,-1] AO_l=  4 [ 0, 0,-1] B_iml=   0.182776
MO=  1 AO_m=  9 [ 0, 0,-1] AO_l=  9 [ 0, 0,-1] B_iml=   0.003504
MO=  1 AO_m= 12 [ 0, 0,-1] AO_l= 12 [ 0, 0,-1] B_iml=   0.000255
MO=  1 AO_m= 13 [ 0, 0,-1] AO_l= 13 [ 0, 0,-1] B_iml=   0.001267
MO=  1 AO_m= 15 [ 0, 0,-1] AO_l= 15 [ 0, 0,-1] B_iml=   0.000255
MO=  1 AO_m= 17 [ 0, 0,-1] AO_l= 17 [ 0, 0,-1] B_iml=   0.001267
MO=  2 AO_m=  2 [ 0, 0, 0] AO_l=  2 [ 0, 0, 0] B_iml=   0.005030
MO=  2 AO_m=  3 [ 0, 0, 0] AO_l=  3 [ 0, 0, 0] B_iml=   0.005430
MO=  2 AO_m=  5 [ 0, 0, 0] AO_l=  5 [ 0, 0, 0] B_iml=   0.049361
MO=  2 AO_m= 10 [ 0, 0, 0] AO_l= 10 [ 0, 0, 0] B_iml=   1.738028
MO=  2 AO_m= 12 [ 0, 0, 0] AO_l= 12 [ 0, 0, 0] B_iml=   0.000370
MO=  2 AO_m=  2 [ 1, 0, 0] AO_l=  2 [ 1, 0, 0] B_iml=   0.005030
MO=  2 AO_m=  3 [ 1, 0, 0] AO_l=  3 [ 1, 0, 0] B_iml=   0.005430
MO=  2 AO_m=  5 [ 1, 0, 0] AO_l=  5 [ 1, 0, 0] B_iml=   0.000453
MO=  2 AO_m=  7 [ 1, 0, 0] AO_l=  7 [ 1, 0, 0] B_iml=   0.000760
MO=  2 AO_m= 12 [ 1, 0, 0] AO_l= 12 [ 1, 0, 0] B_iml=   0.000370
MO=  2 AO_m=  2 [ 0, 1, 0] AO_l=  2 [ 0, 1, 0] B_iml=   0.005030
MO=  2 AO_m=  3 [ 0, 1, 0] AO_l=  3 [ 0, 1, 0] B_iml=   0.005430
MO=  2 AO_m= 10 [ 0, 0, 1] AO_l= 10 [ 0, 0, 1] B_iml=   0.000590
MO=  2 AO_m=  3 [-1, 0, 0] AO_l=  3 [-1, 0, 0] B_iml=   0.000226
MO=  2 AO_m=  5 [-1, 0, 0] AO_l=  5 [-1, 0, 0] B_iml=   0.000453
MO=  2 AO_m=  7 [-1, 0, 0] AO_l=  7 [-1, 0, 0] B_iml=   0.000760
MO=  2 AO_m=  3 [ 0, 0,-1] AO_l=  3 [ 0, 0,-1] B_iml=   0.000235
MO=  2 AO_m=  5 [ 0, 0,-1] AO_l=  5 [ 0, 0,-1] B_iml=   0.152354
MO=  2 AO_m= 10 [ 0, 0,-1] AO_l= 10 [ 0, 0,-1] B_iml=   0.001000
MO=  2 AO_m= 12 [ 0, 0,-1] AO_l= 12 [ 0, 0,-1] B_iml=   0.001678
MO=  3 AO_m=  2 [ 0, 0, 0] AO_l=  2 [ 0, 0, 0] B_iml=   0.005430
MO=  3 AO_m=  3 [ 0, 0, 0] AO_l=  3 [ 0, 0, 0] B_iml=   0.005030
MO=  3 AO_m=  6 [ 0, 0, 0] AO_l=  6 [ 0, 0, 0] B_iml=   0.049361
MO=  3 AO_m= 11 [ 0, 0, 0] AO_l= 11 [ 0, 0, 0] B_iml=   1.738028
MO=  3 AO_m= 15 [ 0, 0, 0] AO_l= 15 [ 0, 0, 0] B_iml=   0.000370
MO=  3 AO_m=  2 [ 1, 0, 0] AO_l=  2 [ 1, 0, 0] B_iml=   0.005430
MO=  3 AO_m=  3 [ 1, 0, 0] AO_l=  3 [ 1, 0, 0] B_iml=   0.005030
MO=  3 AO_m=  2 [ 0, 1, 0] AO_l=  2 [ 0, 1, 0] B_iml=   0.005430
MO=  3 AO_m=  3 [ 0, 1, 0] AO_l=  3 [ 0, 1, 0] B_iml=   0.005030
MO=  3 AO_m=  6 [ 0, 1, 0] AO_l=  6 [ 0, 1, 0] B_iml=   0.000453
MO=  3 AO_m=  7 [ 0, 1, 0] AO_l=  7 [ 0, 1, 0] B_iml=   0.000760
MO=  3 AO_m= 15 [ 0, 1, 0] AO_l= 15 [ 0, 1, 0] B_iml=   0.000370
MO=  3 AO_m= 11 [ 0, 0, 1] AO_l= 11 [ 0, 0, 1] B_iml=   0.000590
MO=  3 AO_m=  2 [ 0,-1, 0] AO_l=  2 [ 0,-1, 0] B_iml=   0.000226
MO=  3 AO_m=  6 [ 0,-1, 0] AO_l=  6 [ 0,-1, 0] B_iml=   0.000453
MO=  3 AO_m=  7 [ 0,-1, 0] AO_l=  7 [ 0,-1, 0] B_iml=   0.000760
MO=  3 AO_m=  2 [ 0, 0,-1] AO_l=  2 [ 0, 0,-1] B_iml=   0.000235
MO=  3 AO_m=  6 [ 0, 0,-1] AO_l=  6 [ 0, 0,-1] B_iml=   0.152354
MO=  3 AO_m= 11 [ 0, 0,-1] AO_l= 11 [ 0, 0,-1] B_iml=   0.001000
MO=  3 AO_m= 15 [ 0, 0,-1] AO_l= 15 [ 0, 0,-1] B_iml=   0.001678
MO=  4 AO_m=  1 [ 0, 0, 0] AO_l=  1 [ 0, 0, 0] B_iml=   0.005225
MO=  4 AO_m=  3 [ 0, 0, 0] AO_l=  3 [ 0, 0, 0] B_iml=   0.006136
MO=  4 AO_m=  4 [ 0, 0, 0] AO_l=  4 [ 0, 0, 0] B_iml=   0.001128
MO=  4 AO_m=  5 [ 0, 0, 0] AO_l=  5 [ 0, 0, 0] B_iml=   0.088089
MO=  4 AO_m=  7 [ 0, 0, 0] AO_l=  7 [ 0, 0, 0] B_iml=   0.000844
MO=  4 AO_m= 10 [ 0, 0, 0] AO_l= 10 [ 0, 0, 0] B_iml=   0.000448
MO=  4 AO_m= 12 [ 0, 0, 0] AO_l= 12 [ 0, 0, 0] B_iml=   1.755667
MO=  4 AO_m= 12 [ 1, 0, 0] AO_l= 12 [ 1, 0, 0] B_iml=   0.000799
MO=  4 AO_m=  1 [ 0, 1, 0] AO_l=  1 [ 0, 1, 0] B_iml=   0.005225
MO=  4 AO_m=  3 [ 0, 1, 0] AO_l=  3 [ 0, 1, 0] B_iml=   0.006136
MO=  4 AO_m=  1 [ 0, 0, 1] AO_l=  1 [ 0, 0, 1] B_iml=   0.005349
MO=  4 AO_m=  3 [ 0, 0, 1] AO_l=  3 [ 0, 0, 1] B_iml=   0.005836
MO=  4 AO_m=  4 [ 0, 0, 1] AO_l=  4 [ 0, 0, 1] B_iml=   0.000532
MO=  4 AO_m=  5 [ 0, 0, 1] AO_l=  5 [ 0, 0, 1] B_iml=   0.000711
MO=  4 AO_m= 10 [ 0, 0, 1] AO_l= 10 [ 0, 0, 1] B_iml=   0.001527
MO=  4 AO_m=  4 [-1, 0, 0] AO_l=  4 [-1, 0, 0] B_iml=   0.001128
MO=  4 AO_m=  5 [-1, 0, 0] AO_l=  5 [-1, 0, 0] B_iml=   0.088089
MO=  4 AO_m=  7 [-1, 0, 0] AO_l=  7 [-1, 0, 0] B_iml=   0.000844
MO=  4 AO_m= 10 [-1, 0, 0] AO_l= 10 [-1, 0, 0] B_iml=   0.000448
MO=  4 AO_m= 12 [-1, 0, 0] AO_l= 12 [-1, 0, 0] B_iml=   0.000799
MO=  4 AO_m=  3 [ 0, 0,-1] AO_l=  3 [ 0, 0,-1] B_iml=   0.000244
MO=  4 AO_m=  4 [ 0, 0,-1] AO_l=  4 [ 0, 0,-1] B_iml=   0.000816
MO=  4 AO_m=  5 [ 0, 0,-1] AO_l=  5 [ 0, 0,-1] B_iml=   0.001397
MO=  5 AO_m=  2 [ 0, 0, 0] AO_l=  2 [ 0, 0, 0] B_iml=   0.000242
MO=  5 AO_m=  4 [ 0, 0, 0] AO_l=  4 [ 0, 0, 0] B_iml=   0.036356
MO=  5 AO_m=  5 [ 0, 0, 0] AO_l=  5 [ 0, 0, 0] B_iml=   0.003865
MO=  5 AO_m=  7 [ 0, 0, 0] AO_l=  7 [ 0, 0, 0] B_iml=   0.111281
MO=  5 AO_m=  9 [ 0, 0, 0] AO_l=  9 [ 0, 0, 0] B_iml=   0.000942
MO=  5 AO_m= 13 [ 0, 0, 0] AO_l= 13 [ 0, 0, 0] B_iml=   1.674211
MO=  5 AO_m= 17 [ 0, 0, 0] AO_l= 17 [ 0, 0, 0] B_iml=   0.000940
MO=  5 AO_m=  5 [ 1, 0, 0] AO_l=  5 [ 1, 0, 0] B_iml=   0.000223
MO=  5 AO_m=  7 [ 1, 0, 0] AO_l=  7 [ 1, 0, 0] B_iml=   0.000420
MO=  5 AO_m= 13 [ 1, 0, 0] AO_l= 13 [ 1, 0, 0] B_iml=   0.002361
MO=  5 AO_m=  2 [ 0, 1, 0] AO_l=  2 [ 0, 1, 0] B_iml=   0.000242
MO=  5 AO_m=  8 [ 0, 1, 0] AO_l=  8 [ 0, 1, 0] B_iml=   0.000248
MO=  5 AO_m= 17 [ 0, 1, 0] AO_l= 17 [ 0, 1, 0] B_iml=   0.000940
MO=  5 AO_m=  2 [ 0, 0, 1] AO_l=  2 [ 0, 0, 1] B_iml=   0.000481
MO=  5 AO_m=  9 [ 0, 0, 1] AO_l=  9 [ 0, 0, 1] B_iml=   0.000853
MO=  5 AO_m= 10 [ 0, 0, 1] AO_l= 10 [ 0, 0, 1] B_iml=   0.000295
MO=  5 AO_m=  4 [-1, 0, 0] AO_l=  4 [-1, 0, 0] B_iml=   0.036356
MO=  5 AO_m=  5 [-1, 0, 0] AO_l=  5 [-1, 0, 0] B_iml=   0.003865
MO=  5 AO_m=  7 [-1, 0, 0] AO_l=  7 [-1, 0, 0] B_iml=   0.111281
MO=  5 AO_m=  9 [-1, 0, 0] AO_l=  9 [-1, 0, 0] B_iml=   0.000942
MO=  5 AO_m= 13 [-1, 0, 0] AO_l= 13 [-1, 0, 0] B_iml=   0.002361
MO=  5 AO_m= 17 [-1, 0, 0] AO_l= 17 [-1, 0, 0] B_iml=   0.000940
MO=  5 AO_m=  8 [ 0,-1, 0] AO_l=  8 [ 0,-1, 0] B_iml=   0.000248
MO=  5 AO_m=  5 [ 0, 0,-1] AO_l=  5 [ 0, 0,-1] B_iml=   0.000558
MO=  6 AO_m=  1 [ 0, 0, 0] AO_l=  1 [ 0, 0, 0] B_iml=   0.005509
MO=  6 AO_m=  3 [ 0, 0, 0] AO_l=  3 [ 0, 0, 0] B_iml=   0.004970
MO=  6 AO_m=  8 [ 0, 0, 0] AO_l=  8 [ 0, 0, 0] B_iml=   0.093044
MO=  6 AO_m= 14 [ 0, 0, 0] AO_l= 14 [ 0, 0, 0] B_iml=   1.749780
MO=  6 AO_m= 16 [ 0, 0, 0] AO_l= 16 [ 0, 0, 0] B_iml=   0.000938
MO=  6 AO_m= 14 [ 1, 0, 0] AO_l= 14 [ 1, 0, 0] B_iml=   0.000914
MO=  6 AO_m=  1 [ 0, 1, 0] AO_l=  1 [ 0, 1, 0] B_iml=   0.005509
MO=  6 AO_m=  3 [ 0, 1, 0] AO_l=  3 [ 0, 1, 0] B_iml=   0.004970
MO=  6 AO_m=  4 [ 0, 1, 0] AO_l=  4 [ 0, 1, 0] B_iml=   0.000313
MO=  6 AO_m=  7 [ 0, 1, 0] AO_l=  7 [ 0, 1, 0] B_iml=   0.000391
MO=  6 AO_m=  8 [ 0, 1, 0] AO_l=  8 [ 0, 1, 0] B_iml=   0.001099
MO=  6 AO_m= 16 [ 0, 1, 0] AO_l= 16 [ 0, 1, 0] B_iml=   0.000938
MO=  6 AO_m=  1 [ 0, 0, 1] AO_l=  1 [ 0, 0, 1] B_iml=   0.006060
MO=  6 AO_m=  3 [ 0, 0, 1] AO_l=  3 [ 0, 0, 1] B_iml=   0.005676
MO=  6 AO_m=  8 [-1, 0, 0] AO_l=  8 [-1, 0, 0] B_iml=   0.093044
MO=  6 AO_m= 14 [-1, 0, 0] AO_l= 14 [-1, 0, 0] B_iml=   0.000914
MO=  6 AO_m= 16 [-1, 0, 0] AO_l= 16 [-1, 0, 0] B_iml=   0.000938
MO=  6 AO_m=  1 [ 0,-1, 0] AO_l=  1 [ 0,-1, 0] B_iml=   0.000236
MO=  6 AO_m=  4 [ 0,-1, 0] AO_l=  4 [ 0,-1, 0] B_iml=   0.000313
MO=  6 AO_m=  7 [ 0,-1, 0] AO_l=  7 [ 0,-1, 0] B_iml=   0.000391
MO=  6 AO_m=  8 [ 0,-1, 0] AO_l=  8 [ 0,-1, 0] B_iml=   0.001099
MO=  7 AO_m=  1 [ 0, 0, 0] AO_l=  1 [ 0, 0, 0] B_iml=   0.005225
MO=  7 AO_m=  2 [ 0, 0, 0] AO_l=  2 [ 0, 0, 0] B_iml=   0.006136
MO=  7 AO_m=  4 [ 0, 0, 0] AO_l=  4 [ 0, 0, 0] B_iml=   0.001128
MO=  7 AO_m=  6 [ 0, 0, 0] AO_l=  6 [ 0, 0, 0] B_iml=   0.088089
MO=  7 AO_m=  7 [ 0, 0, 0] AO_l=  7 [ 0, 0, 0] B_iml=   0.000844
MO=  7 AO_m= 11 [ 0, 0, 0] AO_l= 11 [ 0, 0, 0] B_iml=   0.000448
MO=  7 AO_m= 15 [ 0, 0, 0] AO_l= 15 [ 0, 0, 0] B_iml=   1.755667
MO=  7 AO_m=  1 [ 1, 0, 0] AO_l=  1 [ 1, 0, 0] B_iml=   0.005225
MO=  7 AO_m=  2 [ 1, 0, 0] AO_l=  2 [ 1, 0, 0] B_iml=   0.006136
MO=  7 AO_m= 15 [ 0, 1, 0] AO_l= 15 [ 0, 1, 0] B_iml=   0.000799
MO=  7 AO_m=  1 [ 0, 0, 1] AO_l=  1 [ 0, 0, 1] B_iml=   0.005349
MO=  7 AO_m=  2 [ 0, 0, 1] AO_l=  2 [ 0, 0, 1] B_iml=   0.005836
MO=  7 AO_m=  4 [ 0, 0, 1] AO_l=  4 [ 0, 0, 1] B_iml=   0.000532
MO=  7 AO_m=  6 [ 0, 0, 1] AO_l=  6 [ 0, 0, 1] B_iml=   0.000711
MO=  7 AO_m= 11 [ 0, 0, 1] AO_l= 11 [ 0, 0, 1] B_iml=   0.001527
MO=  7 AO_m=  4 [ 0,-1, 0] AO_l=  4 [ 0,-1, 0] B_iml=   0.001128
MO=  7 AO_m=  6 [ 0,-1, 0] AO_l=  6 [ 0,-1, 0] B_iml=   0.088089
MO=  7 AO_m=  7 [ 0,-1, 0] AO_l=  7 [ 0,-1, 0] B_iml=   0.000844
MO=  7 AO_m= 11 [ 0,-1, 0] AO_l= 11 [ 0,-1, 0] B_iml=   0.000448
MO=  7 AO_m= 15 [ 0,-1, 0] AO_l= 15 [ 0,-1, 0] B_iml=   0.000799
MO=  7 AO_m=  2 [ 0, 0,-1] AO_l=  2 [ 0, 0,-1] B_iml=   0.000244
MO=  7 AO_m=  4 [ 0, 0,-1] AO_l=  4 [ 0, 0,-1] B_iml=   0.000816
MO=  7 AO_m=  6 [ 0, 0,-1] AO_l=  6 [ 0, 0,-1] B_iml=   0.001397
MO=  8 AO_m=  1 [ 0, 0, 0] AO_l=  1 [ 0, 0, 0] B_iml=   0.005509
MO=  8 AO_m=  2 [ 0, 0, 0] AO_l=  2 [ 0, 0, 0] B_iml=   0.004970
MO=  8 AO_m=  8 [ 0, 0, 0] AO_l=  8 [ 0, 0, 0] B_iml=   0.093044
MO=  8 AO_m= 14 [ 0, 0, 0] AO_l= 14 [ 0, 0, 0] B_iml=   0.000938
MO=  8 AO_m= 16 [ 0, 0, 0] AO_l= 16 [ 0, 0, 0] B_iml=   1.749780
MO=  8 AO_m=  1 [ 1, 0, 0] AO_l=  1 [ 1, 0, 0] B_iml=   0.005509
MO=  8 AO_m=  2 [ 1, 0, 0] AO_l=  2 [ 1, 0, 0] B_iml=   0.004970
MO=  8 AO_m=  4 [ 1, 0, 0] AO_l=  4 [ 1, 0, 0] B_iml=   0.000313
MO=  8 AO_m=  7 [ 1, 0, 0] AO_l=  7 [ 1, 0, 0] B_iml=   0.000391
MO=  8 AO_m=  8 [ 1, 0, 0] AO_l=  8 [ 1, 0, 0] B_iml=   0.001099
MO=  8 AO_m= 14 [ 1, 0, 0] AO_l= 14 [ 1, 0, 0] B_iml=   0.000938
MO=  8 AO_m= 16 [ 0, 1, 0] AO_l= 16 [ 0, 1, 0] B_iml=   0.000914
MO=  8 AO_m=  1 [ 0, 0, 1] AO_l=  1 [ 0, 0, 1] B_iml=   0.006060
MO=  8 AO_m=  2 [ 0, 0, 1] AO_l=  2 [ 0, 0, 1] B_iml=   0.005676
MO=  8 AO_m=  1 [-1, 0, 0] AO_l=  1 [-1, 0, 0] B_iml=   0.000236
MO=  8 AO_m=  4 [-1, 0, 0] AO_l=  4 [-1, 0, 0] B_iml=   0.000313
MO=  8 AO_m=  7 [-1, 0, 0] AO_l=  7 [-1, 0, 0] B_iml=   0.000391
MO=  8 AO_m=  8 [-1, 0, 0] AO_l=  8 [-1, 0, 0] B_iml=   0.001099
MO=  8 AO_m=  8 [ 0,-1, 0] AO_l=  8 [ 0,-1, 0] B_iml=   0.093044
MO=  8 AO_m= 14 [ 0,-1, 0] AO_l= 14 [ 0,-1, 0] B_iml=   0.000938
MO=  8 AO_m= 16 [ 0,-1, 0] AO_l= 16 [ 0,-1, 0] B_iml=   0.000914
MO=  9 AO_m=  3 [ 0, 0, 0] AO_l=  3 [ 0, 0, 0] B_iml=   0.000242
MO=  9 AO_m=  4 [ 0, 0, 0] AO_l=  4 [ 0, 0, 0] B_iml=   0.036356
MO=  9 AO_m=  6 [ 0, 0, 0] AO_l=  6 [ 0, 0, 0] B_iml=   0.003865
MO=  9 AO_m=  7 [ 0, 0, 0] AO_l=  7 [ 0, 0, 0] B_iml=   0.111281
MO=  9 AO_m=  9 [ 0, 0, 0] AO_l=  9 [ 0, 0, 0] B_iml=   0.000942
MO=  9 AO_m= 13 [ 0, 0, 0] AO_l= 13 [ 0, 0, 0] B_iml=   0.000940
MO=  9 AO_m= 17 [ 0, 0, 0] AO_l= 17 [ 0, 0, 0] B_iml=   1.674211
MO=  9 AO_m=  3 [ 1, 0, 0] AO_l=  3 [ 1, 0, 0] B_iml=   0.000242
MO=  9 AO_m=  8 [ 1, 0, 0] AO_l=  8 [ 1, 0, 0] B_iml=   0.000248
MO=  9 AO_m= 13 [ 1, 0, 0] AO_l= 13 [ 1, 0, 0] B_iml=   0.000940
MO=  9 AO_m=  6 [ 0, 1, 0] AO_l=  6 [ 0, 1, 0] B_iml=   0.000223
MO=  9 AO_m=  7 [ 0, 1, 0] AO_l=  7 [ 0, 1, 0] B_iml=   0.000420
MO=  9 AO_m= 17 [ 0, 1, 0] AO_l= 17 [ 0, 1, 0] B_iml=   0.002361
MO=  9 AO_m=  3 [ 0, 0, 1] AO_l=  3 [ 0, 0, 1] B_iml=   0.000481
MO=  9 AO_m=  9 [ 0, 0, 1] AO_l=  9 [ 0, 0, 1] B_iml=   0.000853
MO=  9 AO_m= 11 [ 0, 0, 1] AO_l= 11 [ 0, 0, 1] B_iml=   0.000295
MO=  9 AO_m=  8 [-1, 0, 0] AO_l=  8 [-1, 0, 0] B_iml=   0.000248
MO=  9 AO_m=  4 [ 0,-1, 0] AO_l=  4 [ 0,-1, 0] B_iml=   0.036356
MO=  9 AO_m=  6 [ 0,-1, 0] AO_l=  6 [ 0,-1, 0] B_iml=   0.003865
MO=  9 AO_m=  7 [ 0,-1, 0] AO_l=  7 [ 0,-1, 0] B_iml=   0.111281
MO=  9 AO_m=  9 [ 0,-1, 0] AO_l=  9 [ 0,-1, 0] B_iml=   0.000942
MO=  9 AO_m= 13 [ 0,-1, 0] AO_l= 13 [ 0,-1, 0] B_iml=   0.000940
MO=  9 AO_m= 17 [ 0,-1, 0] AO_l= 17 [ 0,-1, 0] B_iml=   0.002361
MO=  9 AO_m=  6 [ 0, 0,-1] AO_l=  6 [ 0, 0,-1] B_iml=   0.000558
